R, W: 75, H: 73, ORDER: 16, SET: {1, 2, 3, 4, 5, 6, 7, 8, 9, 12, 16, 20, 23, 32, 34, 41}
R, W: 75, H: 73, ORDER: 16, SET: {1, 2, 3, 4, 5, 6, 7, 8, 9, 12, 16, 20, 23, 32, 34, 41}
R, W: 75, H: 73, ORDER: 16, SET: {1, 2, 3, 4, 5, 6, 7, 8, 9, 12, 16, 20, 23, 32, 34, 41}
R, W: 79, H: 65, ORDER: 20, SET: {1, 3, 4, 5, 6, 7, 8, 9, 10, 11, 14, 15, 17, 18, 19, 22, 23, 24, 25, 32}
R, W: 79, H: 65, ORDER: 20, SET: {1, 3, 4, 5, 6, 7, 8, 9, 10, 11, 14, 15, 17, 18, 19, 22, 23, 24, 25, 32}
R, W: 79, H: 65, ORDER: 20, SET: {1, 3, 4, 5, 6, 7, 8, 9, 10, 11, 14, 15, 17, 18, 19, 22, 23, 24, 25, 32}
R, W: 79, H: 65, ORDER: 20, SET: {1, 3, 4, 5, 6, 7, 8, 9, 10, 11, 14, 15, 17, 18, 19, 22, 23, 24, 25, 32}
R, W: 79, H: 65, ORDER: 20, SET: {1, 3, 4, 5, 6, 7, 8, 9, 10, 11, 14, 15, 17, 18, 19, 22, 23, 24, 25, 32}
R, W: 79, H: 65, ORDER: 20, SET: {1, 3, 4, 5, 6, 7, 8, 9, 10, 11, 14, 15, 17, 18, 19, 22, 23, 24, 25, 32}
R, W: 79, H: 65, ORDER: 20, SET: {1, 3, 4, 5, 6, 7, 8, 9, 10, 11, 14, 15, 17, 18, 19, 22, 23, 24, 25, 32}
R, W: 79, H: 65, ORDER: 20, SET: {1, 3, 4, 5, 6, 7, 8, 9, 10, 11, 14, 15, 17, 18, 19, 22, 23, 24, 25, 32}
R, W: 79, H: 65, ORDER: 20, SET: {1, 3, 4, 5, 6, 7, 8, 9, 10, 11, 14, 15, 17, 18, 19, 22, 23, 24, 25, 32}
R, W: 79, H: 65, ORDER: 20, SET: {1, 3, 4, 5, 6, 7, 8, 9, 10, 11, 14, 15, 17, 18, 19, 22, 23, 24, 25, 32}
R, W: 79, H: 65, ORDER: 20, SET: {1, 3, 4, 5, 6, 7, 8, 9, 10, 11, 14, 15, 17, 18, 19, 22, 23, 24, 25, 32}
R, W: 79, H: 65, ORDER: 20, SET: {1, 3, 4, 5, 6, 7, 8, 9, 10, 11, 14, 15, 17, 18, 19, 22, 23, 24, 25, 32}
R, W: 79, H: 74, ORDER: 16, SET: {1, 3, 4, 7, 8, 9, 10, 11, 12, 14, 15, 17, 23, 29, 34, 45}
R, W: 79, H: 65, ORDER: 20, SET: {1, 3, 4, 5, 6, 7, 8, 9, 10, 11, 14, 15, 17, 18, 19, 22, 23, 24, 25, 32}
R, W: 79, H: 65, ORDER: 20, SET: {1, 3, 4, 5, 6, 7, 8, 9, 10, 11, 14, 15, 17, 18, 19, 22, 23, 24, 25, 32}
R, W: 79, H: 65, ORDER: 20, SET: {1, 3, 4, 5, 6, 7, 8, 9, 10, 11, 14, 15, 17, 18, 19, 22, 23, 24, 25, 32}
R, W: 79, H: 65, ORDER: 20, SET: {1, 3, 4, 5, 6, 7, 8, 9, 10, 11, 14, 15, 17, 18, 19, 22, 23, 24, 25, 32}
R, W: 79, H: 74, ORDER: 16, SET: {1, 3, 4, 7, 8, 9, 10, 11, 12, 14, 15, 17, 23, 29, 34, 45}
R, W: 79, H: 65, ORDER: 20, SET: {1, 3, 4, 5, 6, 7, 8, 9, 10, 11, 14, 15, 17, 18, 19, 22, 23, 24, 25, 32}
R, W: 79, H: 65, ORDER: 20, SET: {1, 3, 4, 5, 6, 7, 8, 9, 10, 11, 14, 15, 17, 18, 19, 22, 23, 24, 25, 32}
R, W: 79, H: 65, ORDER: 20, SET: {1, 3, 4, 5, 6, 7, 8, 9, 10, 11, 14, 15, 17, 18, 19, 22, 23, 24, 25, 32}
R, W: 79, H: 65, ORDER: 20, SET: {1, 3, 4, 5, 6, 7, 8, 9, 10, 11, 14, 15, 17, 18, 19, 22, 23, 24, 25, 32}
R, W: 79, H: 65, ORDER: 20, SET: {1, 3, 4, 5, 6, 7, 8, 9, 10, 11, 14, 15, 17, 18, 19, 22, 23, 24, 25, 32}
R, W: 79, H: 65, ORDER: 20, SET: {1, 3, 4, 5, 6, 7, 8, 9, 10, 11, 14, 15, 17, 18, 19, 22, 23, 24, 25, 32}
R, W: 79, H: 65, ORDER: 20, SET: {1, 3, 4, 5, 6, 7, 8, 9, 10, 11, 14, 15, 17, 18, 19, 22, 23, 24, 25, 32}
R, W: 79, H: 65, ORDER: 20, SET: {1, 3, 4, 5, 6, 7, 8, 9, 10, 11, 14, 15, 17, 18, 19, 22, 23, 24, 25, 32}
R, W: 79, H: 65, ORDER: 20, SET: {1, 3, 4, 5, 6, 7, 8, 9, 10, 11, 14, 15, 17, 18, 19, 22, 23, 24, 25, 32}
R, W: 79, H: 65, ORDER: 20, SET: {1, 3, 4, 5, 6, 7, 8, 9, 10, 11, 14, 15, 17, 18, 19, 22, 23, 24, 25, 32}
R, W: 79, H: 65, ORDER: 20, SET: {1, 3, 4, 5, 6, 7, 8, 9, 10, 11, 14, 15, 17, 18, 19, 22, 23, 24, 25, 32}
R, W: 79, H: 65, ORDER: 20, SET: {1, 3, 4, 5, 6, 7, 8, 9, 10, 11, 14, 15, 17, 18, 19, 22, 23, 24, 25, 32}
R, W: 79, H: 65, ORDER: 20, SET: {1, 3, 4, 5, 6, 7, 8, 9, 10, 11, 14, 15, 17, 18, 19, 22, 23, 24, 25, 32}
R, W: 79, H: 65, ORDER: 20, SET: {1, 3, 4, 5, 6, 7, 8, 9, 10, 11, 14, 15, 17, 18, 19, 22, 23, 24, 25, 32}
R, W: 79, H: 65, ORDER: 20, SET: {1, 3, 4, 5, 6, 7, 8, 9, 10, 11, 14, 15, 17, 18, 19, 22, 23, 24, 25, 32}
R, W: 79, H: 65, ORDER: 20, SET: {1, 3, 4, 5, 6, 7, 8, 9, 10, 11, 14, 15, 17, 18, 19, 22, 23, 24, 25, 32}
R, W: 79, H: 65, ORDER: 20, SET: {1, 3, 4, 5, 6, 7, 8, 9, 10, 11, 14, 15, 17, 18, 19, 22, 23, 24, 25, 32}
R, W: 79, H: 65, ORDER: 20, SET: {1, 3, 4, 5, 6, 7, 8, 9, 10, 11, 14, 15, 17, 18, 19, 22, 23, 24, 25, 32}
R, W: 79, H: 65, ORDER: 20, SET: {1, 3, 4, 5, 6, 7, 8, 9, 10, 11, 14, 15, 17, 18, 19, 22, 23, 24, 25, 32}
R, W: 79, H: 65, ORDER: 20, SET: {1, 3, 4, 5, 6, 7, 8, 9, 10, 11, 14, 15, 17, 18, 19, 22, 23, 24, 25, 32}
R, W: 79, H: 65, ORDER: 20, SET: {1, 3, 4, 5, 6, 7, 8, 9, 10, 11, 14, 15, 17, 18, 19, 22, 23, 24, 25, 32}
R, W: 79, H: 65, ORDER: 20, SET: {1, 3, 4, 5, 6, 7, 8, 9, 10, 11, 14, 15, 17, 18, 19, 22, 23, 24, 25, 32}
R, W: 79, H: 65, ORDER: 20, SET: {1, 3, 4, 5, 6, 7, 8, 9, 10, 11, 14, 15, 17, 18, 19, 22, 23, 24, 25, 32}
R, W: 79, H: 65, ORDER: 20, SET: {1, 3, 4, 5, 6, 7, 8, 9, 10, 11, 14, 15, 17, 18, 19, 22, 23, 24, 25, 32}
R, W: 79, H: 65, ORDER: 20, SET: {1, 3, 4, 5, 6, 7, 8, 9, 10, 11, 14, 15, 17, 18, 19, 22, 23, 24, 25, 32}
R, W: 79, H: 65, ORDER: 20, SET: {1, 3, 4, 5, 6, 7, 8, 9, 10, 11, 14, 15, 17, 18, 19, 22, 23, 24, 25, 32}
R, W: 79, H: 65, ORDER: 20, SET: {1, 3, 4, 5, 6, 7, 8, 9, 10, 11, 14, 15, 17, 18, 19, 22, 23, 24, 25, 32}
R, W: 79, H: 65, ORDER: 20, SET: {1, 3, 4, 5, 6, 7, 8, 9, 10, 11, 14, 15, 17, 18, 19, 22, 23, 24, 25, 32}
R, W: 79, H: 65, ORDER: 20, SET: {1, 3, 4, 5, 6, 7, 8, 9, 10, 11, 14, 15, 17, 18, 19, 22, 23, 24, 25, 32}
R, W: 79, H: 65, ORDER: 20, SET: {1, 3, 4, 5, 6, 7, 8, 9, 10, 11, 14, 15, 17, 18, 19, 22, 23, 24, 25, 32}
R, W: 79, H: 65, ORDER: 20, SET: {1, 3, 4, 5, 6, 7, 8, 9, 10, 11, 14, 15, 17, 18, 19, 22, 23, 24, 25, 32}
R, W: 79, H: 65, ORDER: 20, SET: {1, 3, 4, 5, 6, 7, 8, 9, 10, 11, 14, 15, 17, 18, 19, 22, 23, 24, 25, 32}
R, W: 79, H: 65, ORDER: 20, SET: {1, 3, 4, 5, 6, 7, 8, 9, 10, 11, 14, 15, 17, 18, 19, 22, 23, 24, 25, 32}
R, W: 79, H: 65, ORDER: 20, SET: {1, 3, 4, 5, 6, 7, 8, 9, 10, 11, 14, 15, 17, 18, 19, 22, 23, 24, 25, 32}
R, W: 79, H: 65, ORDER: 20, SET: {1, 3, 4, 5, 6, 7, 8, 9, 10, 11, 14, 15, 17, 18, 19, 22, 23, 24, 25, 32}
R, W: 79, H: 65, ORDER: 20, SET: {1, 3, 4, 5, 6, 7, 8, 9, 10, 11, 14, 15, 17, 18, 19, 22, 23, 24, 25, 32}
R, W: 79, H: 74, ORDER: 16, SET: {1, 3, 4, 7, 8, 9, 10, 11, 12, 14, 15, 17, 23, 29, 34, 45}
R, W: 79, H: 65, ORDER: 20, SET: {1, 3, 4, 5, 6, 7, 8, 9, 10, 11, 14, 15, 17, 18, 19, 22, 23, 24, 25, 32}
R, W: 79, H: 65, ORDER: 20, SET: {1, 3, 4, 5, 6, 7, 8, 9, 10, 11, 14, 15, 17, 18, 19, 22, 23, 24, 25, 32}
R, W: 79, H: 65, ORDER: 20, SET: {1, 3, 4, 5, 6, 7, 8, 9, 10, 11, 14, 15, 17, 18, 19, 22, 23, 24, 25, 32}
R, W: 79, H: 65, ORDER: 20, SET: {1, 3, 4, 5, 6, 7, 8, 9, 10, 11, 14, 15, 17, 18, 19, 22, 23, 24, 25, 32}
R, W: 79, H: 65, ORDER: 20, SET: {1, 3, 4, 5, 6, 7, 8, 9, 10, 11, 14, 15, 17, 18, 19, 22, 23, 24, 25, 32}
R, W: 79, H: 65, ORDER: 20, SET: {1, 3, 4, 5, 6, 7, 8, 9, 10, 11, 14, 15, 17, 18, 19, 22, 23, 24, 25, 32}
R, W: 79, H: 65, ORDER: 20, SET: {1, 3, 4, 5, 6, 7, 8, 9, 10, 11, 14, 15, 17, 18, 19, 22, 23, 24, 25, 32}
R, W: 79, H: 65, ORDER: 20, SET: {1, 3, 4, 5, 6, 7, 8, 9, 10, 11, 14, 15, 17, 18, 19, 22, 23, 24, 25, 32}
R, W: 79, H: 65, ORDER: 20, SET: {1, 3, 4, 5, 6, 7, 8, 9, 10, 11, 14, 15, 17, 18, 19, 22, 23, 24, 25, 32}
R, W: 79, H: 65, ORDER: 20, SET: {1, 3, 4, 5, 6, 7, 8, 9, 10, 11, 14, 15, 17, 18, 19, 22, 23, 24, 25, 32}
R, W: 79, H: 65, ORDER: 20, SET: {1, 3, 4, 5, 6, 7, 8, 9, 10, 11, 14, 15, 17, 18, 19, 22, 23, 24, 25, 32}
R, W: 79, H: 65, ORDER: 20, SET: {1, 3, 4, 5, 6, 7, 8, 9, 10, 11, 14, 15, 17, 18, 19, 22, 23, 24, 25, 32}
R, W: 80, H: 65, ORDER: 20, SET: {1, 3, 4, 5, 6, 7, 8, 9, 10, 11, 14, 15, 17, 18, 19, 22, 23, 24, 25, 33}
R, W: 80, H: 65, ORDER: 20, SET: {1, 3, 4, 5, 6, 7, 8, 9, 10, 11, 14, 15, 17, 18, 19, 22, 23, 24, 25, 33}
R, W: 80, H: 65, ORDER: 20, SET: {1, 3, 4, 5, 6, 7, 8, 9, 10, 11, 14, 15, 17, 18, 19, 22, 23, 24, 25, 33}
R, W: 80, H: 65, ORDER: 20, SET: {1, 3, 4, 5, 6, 7, 8, 9, 10, 11, 14, 15, 17, 18, 19, 22, 23, 24, 25, 33}
R, W: 80, H: 65, ORDER: 20, SET: {1, 3, 4, 5, 6, 7, 8, 9, 10, 11, 14, 15, 17, 18, 19, 22, 23, 24, 25, 33}
R, W: 80, H: 65, ORDER: 20, SET: {1, 3, 4, 5, 6, 7, 8, 9, 10, 11, 14, 15, 17, 18, 19, 22, 23, 24, 25, 33}
R, W: 80, H: 65, ORDER: 20, SET: {1, 3, 4, 5, 6, 7, 8, 9, 10, 11, 14, 15, 17, 18, 19, 22, 23, 24, 25, 33}
R, W: 80, H: 65, ORDER: 20, SET: {1, 3, 4, 5, 6, 7, 8, 9, 10, 11, 14, 15, 17, 18, 19, 22, 23, 24, 25, 33}
R, W: 80, H: 65, ORDER: 20, SET: {1, 3, 4, 5, 6, 7, 8, 9, 10, 11, 14, 15, 17, 18, 19, 22, 23, 24, 25, 33}
R, W: 80, H: 65, ORDER: 20, SET: {1, 3, 4, 5, 6, 7, 8, 9, 10, 11, 14, 15, 17, 18, 19, 22, 23, 24, 25, 33}
R, W: 80, H: 65, ORDER: 20, SET: {1, 3, 4, 5, 6, 7, 8, 9, 10, 11, 14, 15, 17, 18, 19, 22, 23, 24, 25, 33}
R, W: 80, H: 65, ORDER: 20, SET: {1, 3, 4, 5, 6, 7, 8, 9, 10, 11, 14, 15, 17, 18, 19, 22, 23, 24, 25, 33}
R, W: 80, H: 65, ORDER: 20, SET: {1, 3, 4, 5, 6, 7, 8, 9, 10, 11, 14, 15, 17, 18, 19, 22, 23, 24, 25, 33}
R, W: 80, H: 65, ORDER: 20, SET: {1, 3, 4, 5, 6, 7, 8, 9, 10, 11, 14, 15, 17, 18, 19, 22, 23, 24, 25, 33}
R, W: 80, H: 65, ORDER: 20, SET: {1, 3, 4, 5, 6, 7, 8, 9, 10, 11, 14, 15, 17, 18, 19, 22, 23, 24, 25, 33}
R, W: 80, H: 65, ORDER: 20, SET: {1, 3, 4, 5, 6, 7, 8, 9, 10, 11, 14, 15, 17, 18, 19, 22, 23, 24, 25, 33}
R, W: 80, H: 65, ORDER: 20, SET: {1, 3, 4, 5, 6, 7, 8, 9, 10, 11, 14, 15, 17, 18, 19, 22, 23, 24, 25, 33}
R, W: 80, H: 65, ORDER: 20, SET: {1, 3, 4, 5, 6, 7, 8, 9, 10, 11, 14, 15, 17, 18, 19, 22, 23, 24, 25, 33}
R, W: 80, H: 65, ORDER: 20, SET: {1, 3, 4, 5, 6, 7, 8, 9, 10, 11, 14, 15, 17, 18, 19, 22, 23, 24, 25, 33}
R, W: 80, H: 65, ORDER: 20, SET: {1, 3, 4, 5, 6, 7, 8, 9, 10, 11, 14, 15, 17, 18, 19, 22, 23, 24, 25, 33}
R, W: 80, H: 65, ORDER: 20, SET: {1, 3, 4, 5, 6, 7, 8, 9, 10, 11, 14, 15, 17, 18, 19, 22, 23, 24, 25, 33}
R, W: 80, H: 65, ORDER: 20, SET: {1, 3, 4, 5, 6, 7, 8, 9, 10, 11, 14, 15, 17, 18, 19, 22, 23, 24, 25, 33}
R, W: 80, H: 65, ORDER: 20, SET: {1, 3, 4, 5, 6, 7, 8, 9, 10, 11, 14, 15, 17, 18, 19, 22, 23, 24, 25, 33}
R, W: 80, H: 65, ORDER: 20, SET: {1, 3, 4, 5, 6, 7, 8, 9, 10, 11, 14, 15, 17, 18, 19, 22, 23, 24, 25, 33}
R, W: 80, H: 65, ORDER: 20, SET: {1, 3, 4, 5, 6, 7, 8, 9, 10, 11, 14, 15, 17, 18, 19, 22, 23, 24, 25, 33}
R, W: 80, H: 65, ORDER: 20, SET: {1, 3, 4, 5, 6, 7, 8, 9, 10, 11, 14, 15, 17, 18, 19, 22, 23, 24, 25, 33}
R, W: 80, H: 65, ORDER: 20, SET: {1, 3, 4, 5, 6, 7, 8, 9, 10, 11, 14, 15, 17, 18, 19, 22, 23, 24, 25, 33}
R, W: 80, H: 65, ORDER: 20, SET: {1, 3, 4, 5, 6, 7, 8, 9, 10, 11, 14, 15, 17, 18, 19, 22, 23, 24, 25, 33}
R, W: 80, H: 65, ORDER: 20, SET: {1, 3, 4, 5, 6, 7, 8, 9, 10, 11, 14, 15, 17, 18, 19, 22, 23, 24, 25, 33}
R, W: 80, H: 65, ORDER: 20, SET: {1, 3, 4, 5, 6, 7, 8, 9, 10, 11, 14, 15, 17, 18, 19, 22, 23, 24, 25, 33}
R, W: 80, H: 65, ORDER: 20, SET: {1, 3, 4, 5, 6, 7, 8, 9, 10, 11, 14, 15, 17, 18, 19, 22, 23, 24, 25, 33}
R, W: 80, H: 65, ORDER: 20, SET: {1, 3, 4, 5, 6, 7, 8, 9, 10, 11, 14, 15, 17, 18, 19, 22, 23, 24, 25, 33}
R, W: 80, H: 65, ORDER: 20, SET: {1, 3, 4, 5, 6, 7, 8, 9, 10, 11, 14, 15, 17, 18, 19, 22, 23, 24, 25, 33}
R, W: 80, H: 65, ORDER: 20, SET: {1, 3, 4, 5, 6, 7, 8, 9, 10, 11, 14, 15, 17, 18, 19, 22, 23, 24, 25, 33}
R, W: 80, H: 65, ORDER: 20, SET: {1, 3, 4, 5, 6, 7, 8, 9, 10, 11, 14, 15, 17, 18, 19, 22, 23, 24, 25, 33}
R, W: 80, H: 65, ORDER: 20, SET: {1, 3, 4, 5, 6, 7, 8, 9, 10, 11, 14, 15, 17, 18, 19, 22, 23, 24, 25, 33}
R, W: 80, H: 65, ORDER: 20, SET: {1, 3, 4, 5, 6, 7, 8, 9, 10, 11, 14, 15, 17, 18, 19, 22, 23, 24, 25, 33}
R, W: 80, H: 65, ORDER: 20, SET: {1, 3, 4, 5, 6, 7, 8, 9, 10, 11, 14, 15, 17, 18, 19, 22, 23, 24, 25, 33}
R, W: 80, H: 65, ORDER: 20, SET: {1, 3, 4, 5, 6, 7, 8, 9, 10, 11, 14, 15, 17, 18, 19, 22, 23, 24, 25, 33}
R, W: 80, H: 65, ORDER: 20, SET: {1, 3, 4, 5, 6, 7, 8, 9, 10, 11, 14, 15, 17, 18, 19, 22, 23, 24, 25, 33}
R, W: 80, H: 65, ORDER: 20, SET: {1, 3, 4, 5, 6, 7, 8, 9, 10, 11, 14, 15, 17, 18, 19, 22, 23, 24, 25, 33}
R, W: 80, H: 65, ORDER: 20, SET: {1, 3, 4, 5, 6, 7, 8, 9, 10, 11, 14, 15, 17, 18, 19, 22, 23, 24, 25, 33}
R, W: 80, H: 65, ORDER: 20, SET: {1, 3, 4, 5, 6, 7, 8, 9, 10, 11, 14, 15, 17, 18, 19, 22, 23, 24, 25, 33}
R, W: 80, H: 65, ORDER: 20, SET: {1, 3, 4, 5, 6, 7, 8, 9, 10, 11, 14, 15, 17, 18, 19, 22, 23, 24, 25, 33}
R, W: 80, H: 65, ORDER: 20, SET: {1, 3, 4, 5, 6, 7, 8, 9, 10, 11, 14, 15, 17, 18, 19, 22, 23, 24, 25, 33}
R, W: 80, H: 65, ORDER: 20, SET: {1, 3, 4, 5, 6, 7, 8, 9, 10, 11, 14, 15, 17, 18, 19, 22, 23, 24, 25, 33}
R, W: 80, H: 65, ORDER: 20, SET: {1, 3, 4, 5, 6, 7, 8, 9, 10, 11, 14, 15, 17, 18, 19, 22, 23, 24, 25, 33}
R, W: 80, H: 65, ORDER: 20, SET: {1, 3, 4, 5, 6, 7, 8, 9, 10, 11, 14, 15, 17, 18, 19, 22, 23, 24, 25, 33}
R, W: 80, H: 65, ORDER: 20, SET: {1, 3, 4, 5, 6, 7, 8, 9, 10, 11, 14, 15, 17, 18, 19, 22, 23, 24, 25, 33}
R, W: 80, H: 65, ORDER: 20, SET: {1, 3, 4, 5, 6, 7, 8, 9, 10, 11, 14, 15, 17, 18, 19, 22, 23, 24, 25, 33}
R, W: 80, H: 65, ORDER: 20, SET: {1, 3, 4, 5, 6, 7, 8, 9, 10, 11, 14, 15, 17, 18, 19, 22, 23, 24, 25, 33}
R, W: 80, H: 65, ORDER: 20, SET: {1, 3, 4, 5, 6, 7, 8, 9, 10, 11, 14, 15, 17, 18, 19, 22, 23, 24, 25, 33}
R, W: 80, H: 65, ORDER: 20, SET: {1, 3, 4, 5, 6, 7, 8, 9, 10, 11, 14, 15, 17, 18, 19, 22, 23, 24, 25, 33}
R, W: 80, H: 65, ORDER: 20, SET: {1, 3, 4, 5, 6, 7, 8, 9, 10, 11, 14, 15, 17, 18, 19, 22, 23, 24, 25, 33}
R, W: 80, H: 65, ORDER: 20, SET: {1, 3, 4, 5, 6, 7, 8, 9, 10, 11, 14, 15, 17, 18, 19, 22, 23, 24, 25, 33}
R, W: 80, H: 65, ORDER: 20, SET: {1, 3, 4, 5, 6, 7, 8, 9, 10, 11, 14, 15, 17, 18, 19, 22, 23, 24, 25, 33}
R, W: 80, H: 65, ORDER: 20, SET: {1, 3, 4, 5, 6, 7, 8, 9, 10, 11, 14, 15, 17, 18, 19, 22, 23, 24, 25, 33}
R, W: 80, H: 65, ORDER: 20, SET: {1, 3, 4, 5, 6, 7, 8, 9, 10, 11, 14, 15, 17, 18, 19, 22, 23, 24, 25, 33}
R, W: 80, H: 65, ORDER: 20, SET: {1, 3, 4, 5, 6, 7, 8, 9, 10, 11, 14, 15, 17, 18, 19, 22, 23, 24, 25, 33}
R, W: 80, H: 65, ORDER: 20, SET: {1, 3, 4, 5, 6, 7, 8, 9, 10, 11, 14, 15, 17, 18, 19, 22, 23, 24, 25, 33}
R, W: 80, H: 65, ORDER: 20, SET: {1, 3, 4, 5, 6, 7, 8, 9, 10, 11, 14, 15, 17, 18, 19, 22, 23, 24, 25, 33}
R, W: 80, H: 65, ORDER: 20, SET: {1, 3, 4, 5, 6, 7, 8, 9, 10, 11, 14, 15, 17, 18, 19, 22, 23, 24, 25, 33}
R, W: 80, H: 65, ORDER: 20, SET: {1, 3, 4, 5, 6, 7, 8, 9, 10, 11, 14, 15, 17, 18, 19, 22, 23, 24, 25, 33}
R, W: 80, H: 65, ORDER: 20, SET: {1, 3, 4, 5, 6, 7, 8, 9, 10, 11, 14, 15, 17, 18, 19, 22, 23, 24, 25, 33}
