R, W: 121, H: 109, ORDER: 19, SET: {2, 6, 7, 8, 9, 13, 14, 15, 17, 18, 19, 21, 22, 28, 32, 34, 39, 50, 59}
R, W: 121, H: 117, ORDER: 15, SET: {1, 4, 6, 7, 10, 11, 12, 13, 18, 27, 33, 35, 53, 57, 64}
R, W: 121, H: 109, ORDER: 19, SET: {2, 6, 7, 8, 9, 13, 14, 15, 17, 18, 19, 21, 22, 28, 32, 34, 39, 50, 59}
R, W: 121, H: 89, ORDER: 19, SET: {1, 2, 5, 6, 7, 12, 13, 14, 16, 17, 18, 20, 25, 26, 29, 30, 41, 43, 48}
R, W: 121, H: 109, ORDER: 19, SET: {1, 2, 3, 8, 10, 11, 12, 13, 14, 18, 19, 21, 26, 27, 34, 35, 38, 48, 61}
R, W: 121, H: 89, ORDER: 19, SET: {1, 2, 5, 6, 7, 12, 13, 14, 16, 17, 18, 20, 25, 26, 29, 30, 41, 43, 48}
R, W: 121, H: 109, ORDER: 19, SET: {2, 6, 7, 8, 9, 13, 14, 15, 17, 18, 19, 21, 22, 28, 32, 34, 39, 50, 59}
R, W: 121, H: 109, ORDER: 19, SET: {1, 2, 3, 8, 10, 11, 12, 13, 14, 18, 19, 21, 26, 27, 34, 35, 38, 48, 61}
R, W: 121, H: 109, ORDER: 19, SET: {2, 6, 7, 8, 9, 13, 14, 15, 17, 18, 19, 21, 22, 28, 32, 34, 39, 50, 59}
R, W: 121, H: 117, ORDER: 15, SET: {1, 4, 6, 7, 10, 11, 12, 13, 18, 27, 33, 35, 53, 57, 64}
R, W: 121, H: 89, ORDER: 19, SET: {1, 2, 5, 6, 7, 12, 13, 14, 16, 17, 18, 20, 25, 26, 29, 30, 41, 43, 48}
R, W: 121, H: 109, ORDER: 19, SET: {1, 2, 3, 8, 10, 11, 12, 13, 14, 18, 19, 21, 26, 27, 34, 35, 38, 48, 61}
R, W: 121, H: 89, ORDER: 19, SET: {1, 2, 5, 6, 7, 12, 13, 14, 16, 17, 18, 20, 25, 26, 29, 30, 41, 43, 48}
R, W: 122, H: 98, ORDER: 16, SET: {1, 3, 7, 11, 13, 18, 21, 24, 25, 26, 27, 29, 31, 40, 45, 53}
R, W: 122, H: 84, ORDER: 20, SET: {1, 2, 3, 5, 7, 8, 11, 13, 16, 17, 18, 19, 21, 22, 24, 27, 35, 36, 39, 48}
R, W: 122, H: 107, ORDER: 13, SET: {1, 2, 4, 6, 7, 8, 9, 15, 30, 45, 47, 60, 62}
R, W: 122, H: 107, ORDER: 13, SET: {1, 2, 4, 6, 7, 8, 9, 15, 30, 45, 47, 60, 62}
R, W: 122, H: 98, ORDER: 16, SET: {1, 3, 7, 11, 13, 18, 21, 24, 25, 26, 27, 29, 31, 40, 45, 53}
R, W: 122, H: 84, ORDER: 20, SET: {1, 2, 3, 5, 7, 8, 11, 13, 16, 17, 18, 19, 21, 22, 24, 27, 35, 36, 39, 48}
R, W: 122, H: 84, ORDER: 20, SET: {1, 2, 3, 5, 7, 8, 11, 13, 16, 17, 18, 19, 21, 22, 24, 27, 35, 36, 39, 48}
R, W: 122, H: 98, ORDER: 16, SET: {1, 3, 7, 11, 13, 18, 21, 24, 25, 26, 27, 29, 31, 40, 45, 53}
R, W: 122, H: 98, ORDER: 16, SET: {1, 3, 7, 11, 13, 18, 21, 24, 25, 26, 27, 29, 31, 40, 45, 53}
R, W: 122, H: 84, ORDER: 20, SET: {1, 2, 3, 5, 7, 8, 11, 13, 16, 17, 18, 19, 21, 22, 24, 27, 35, 36, 39, 48}
R, W: 123, H: 117, ORDER: 20, SET: {1, 2, 4, 6, 7, 8, 9, 10, 11, 12, 13, 19, 21, 23, 29, 38, 39, 40, 55, 62}
R, W: 123, H: 75, ORDER: 20, SET: {1, 2, 3, 5, 6, 7, 8, 9, 11, 12, 14, 16, 18, 20, 23, 25, 32, 34, 41, 50}
R, W: 123, H: 79, ORDER: 22, SET: {2, 3, 4, 5, 6, 7, 9, 10, 12, 13, 14, 15, 20, 21, 24, 26, 27, 28, 30, 32, 37, 42}
R, W: 123, H: 75, ORDER: 20, SET: {1, 2, 3, 5, 6, 7, 8, 9, 11, 12, 14, 16, 18, 20, 23, 25, 32, 34, 41, 50}
R, W: 123, H: 72, ORDER: 19, SET: {3, 4, 5, 6, 9, 10, 11, 12, 15, 17, 19, 21, 22, 23, 27, 31, 32, 40, 41}
R, W: 123, H: 117, ORDER: 20, SET: {1, 2, 4, 6, 7, 8, 9, 10, 11, 12, 13, 19, 21, 23, 29, 38, 39, 40, 55, 62}
R, W: 123, H: 117, ORDER: 20, SET: {1, 2, 4, 6, 7, 8, 9, 10, 11, 12, 13, 19, 21, 23, 29, 38, 39, 40, 55, 62}
R, W: 123, H: 79, ORDER: 22, SET: {2, 3, 4, 5, 6, 7, 9, 10, 12, 13, 14, 15, 20, 21, 24, 26, 27, 28, 30, 32, 37, 42}
R, W: 123, H: 75, ORDER: 20, SET: {1, 2, 3, 5, 6, 7, 8, 9, 11, 12, 14, 16, 18, 20, 23, 25, 32, 34, 41, 50}
R, W: 123, H: 72, ORDER: 19, SET: {3, 4, 5, 6, 9, 10, 11, 12, 15, 17, 19, 21, 22, 23, 27, 31, 32, 40, 41}
R, W: 123, H: 79, ORDER: 22, SET: {2, 3, 4, 5, 6, 7, 9, 10, 12, 13, 14, 15, 20, 21, 24, 26, 27, 28, 30, 32, 37, 42}
R, W: 123, H: 75, ORDER: 20, SET: {1, 2, 3, 5, 6, 7, 8, 9, 11, 12, 14, 16, 18, 20, 23, 25, 32, 34, 41, 50}
R, W: 123, H: 72, ORDER: 19, SET: {3, 4, 5, 6, 9, 10, 11, 12, 15, 17, 19, 21, 22, 23, 27, 31, 32, 40, 41}
R, W: 123, H: 72, ORDER: 19, SET: {3, 4, 5, 6, 9, 10, 11, 12, 15, 17, 19, 21, 22, 23, 27, 31, 32, 40, 41}
R, W: 123, H: 79, ORDER: 22, SET: {2, 3, 4, 5, 6, 7, 9, 10, 12, 13, 14, 15, 20, 21, 24, 26, 27, 28, 30, 32, 37, 42}
R, W: 124, H: 110, ORDER: 19, SET: {1, 2, 3, 5, 7, 8, 9, 13, 20, 22, 27, 31, 35, 36, 37, 38, 39, 40, 47}
R, W: 124, H: 110, ORDER: 19, SET: {1, 2, 3, 5, 7, 8, 9, 13, 20, 22, 27, 31, 35, 36, 37, 38, 39, 40, 47}
R, W: 124, H: 110, ORDER: 19, SET: {1, 2, 3, 5, 7, 8, 9, 13, 20, 22, 27, 31, 35, 36, 37, 38, 39, 40, 47}
R, W: 124, H: 110, ORDER: 19, SET: {1, 2, 3, 5, 7, 8, 9, 13, 20, 22, 27, 31, 35, 36, 37, 38, 39, 40, 47}
R, W: 125, H: 110, ORDER: 19, SET: {3, 4, 5, 6, 7, 10, 11, 12, 13, 17, 23, 28, 29, 34, 36, 40, 41, 48, 51}
R, W: 125, H: 118, ORDER: 23, SET: {1, 2, 3, 4, 6, 7, 8, 9, 10, 11, 13, 14, 15, 16, 17, 18, 20, 22, 23, 32, 50, 57, 68}
R, W: 125, H: 118, ORDER: 17, SET: {1, 2, 5, 6, 8, 11, 12, 14, 17, 18, 20, 28, 30, 36, 47, 54, 71}
R, W: 125, H: 92, ORDER: 20, SET: {1, 4, 5, 6, 7, 8, 9, 13, 17, 18, 19, 20, 23, 28, 30, 33, 34, 39, 41, 45}
R, W: 125, H: 110, ORDER: 19, SET: {3, 4, 5, 6, 7, 10, 11, 12, 13, 17, 23, 28, 29, 34, 36, 40, 41, 48, 51}
R, W: 125, H: 92, ORDER: 20, SET: {1, 4, 5, 6, 7, 8, 9, 13, 17, 18, 19, 20, 23, 28, 30, 33, 34, 39, 41, 45}
R, W: 125, H: 110, ORDER: 19, SET: {3, 4, 5, 6, 7, 10, 11, 12, 13, 17, 23, 28, 29, 34, 36, 40, 41, 48, 51}
R, W: 125, H: 110, ORDER: 19, SET: {3, 4, 5, 6, 7, 10, 11, 12, 13, 17, 23, 28, 29, 34, 36, 40, 41, 48, 51}
R, W: 125, H: 92, ORDER: 20, SET: {1, 4, 5, 6, 7, 8, 9, 13, 17, 18, 19, 20, 23, 28, 30, 33, 34, 39, 41, 45}
R, W: 125, H: 92, ORDER: 20, SET: {1, 4, 5, 6, 7, 8, 9, 13, 17, 18, 19, 20, 23, 28, 30, 33, 34, 39, 41, 45}
R, W: 125, H: 118, ORDER: 17, SET: {1, 2, 5, 6, 8, 11, 12, 14, 17, 18, 20, 28, 30, 36, 47, 54, 71}
R, W: 125, H: 118, ORDER: 23, SET: {1, 2, 3, 4, 6, 7, 8, 9, 10, 11, 13, 14, 15, 16, 17, 18, 20, 22, 23, 32, 50, 57, 68}
