R, W: 80, H: 65, ORDER: 20, SET: {1, 3, 4, 5, 6, 7, 8, 9, 10, 11, 14, 15, 17, 18, 19, 22, 23, 24, 25, 33}
R, W: 80, H: 65, ORDER: 20, SET: {1, 3, 4, 5, 6, 7, 8, 9, 10, 11, 14, 15, 17, 18, 19, 22, 23, 24, 25, 33}
R, W: 80, H: 65, ORDER: 20, SET: {1, 3, 4, 5, 6, 7, 8, 9, 10, 11, 14, 15, 17, 18, 19, 22, 23, 24, 25, 33}
R, W: 80, H: 65, ORDER: 20, SET: {1, 3, 4, 5, 6, 7, 8, 9, 10, 11, 14, 15, 17, 18, 19, 22, 23, 24, 25, 33}
R, W: 80, H: 65, ORDER: 20, SET: {1, 3, 4, 5, 6, 7, 8, 9, 10, 11, 14, 15, 17, 18, 19, 22, 23, 24, 25, 33}
R, W: 80, H: 65, ORDER: 20, SET: {1, 3, 4, 5, 6, 7, 8, 9, 10, 11, 14, 15, 17, 18, 19, 22, 23, 24, 25, 33}
R, W: 80, H: 65, ORDER: 20, SET: {1, 3, 4, 5, 6, 7, 8, 9, 10, 11, 14, 15, 17, 18, 19, 22, 23, 24, 25, 33}
R, W: 80, H: 65, ORDER: 20, SET: {1, 3, 4, 5, 6, 7, 8, 9, 10, 11, 14, 15, 17, 18, 19, 22, 23, 24, 25, 33}
R, W: 80, H: 65, ORDER: 20, SET: {1, 3, 4, 5, 6, 7, 8, 9, 10, 11, 14, 15, 17, 18, 19, 22, 23, 24, 25, 33}
R, W: 80, H: 65, ORDER: 20, SET: {1, 3, 4, 5, 6, 7, 8, 9, 10, 11, 14, 15, 17, 18, 19, 22, 23, 24, 25, 33}
R, W: 80, H: 65, ORDER: 20, SET: {1, 3, 4, 5, 6, 7, 8, 9, 10, 11, 14, 15, 17, 18, 19, 22, 23, 24, 25, 33}
R, W: 80, H: 65, ORDER: 20, SET: {1, 3, 4, 5, 6, 7, 8, 9, 10, 11, 14, 15, 17, 18, 19, 22, 23, 24, 25, 33}
R, W: 80, H: 65, ORDER: 20, SET: {1, 3, 4, 5, 6, 7, 8, 9, 10, 11, 14, 15, 17, 18, 19, 22, 23, 24, 25, 33}
R, W: 80, H: 65, ORDER: 20, SET: {1, 3, 4, 5, 6, 7, 8, 9, 10, 11, 14, 15, 17, 18, 19, 22, 23, 24, 25, 33}
R, W: 80, H: 65, ORDER: 20, SET: {1, 3, 4, 5, 6, 7, 8, 9, 10, 11, 14, 15, 17, 18, 19, 22, 23, 24, 25, 33}
R, W: 80, H: 65, ORDER: 20, SET: {1, 3, 4, 5, 6, 7, 8, 9, 10, 11, 14, 15, 17, 18, 19, 22, 23, 24, 25, 33}
R, W: 80, H: 65, ORDER: 20, SET: {1, 3, 4, 5, 6, 7, 8, 9, 10, 11, 14, 15, 17, 18, 19, 22, 23, 24, 25, 33}
R, W: 80, H: 65, ORDER: 20, SET: {1, 3, 4, 5, 6, 7, 8, 9, 10, 11, 14, 15, 17, 18, 19, 22, 23, 24, 25, 33}
R, W: 80, H: 65, ORDER: 20, SET: {1, 3, 4, 5, 6, 7, 8, 9, 10, 11, 14, 15, 17, 18, 19, 22, 23, 24, 25, 33}
R, W: 80, H: 65, ORDER: 20, SET: {1, 3, 4, 5, 6, 7, 8, 9, 10, 11, 14, 15, 17, 18, 19, 22, 23, 24, 25, 33}
R, W: 80, H: 65, ORDER: 20, SET: {1, 3, 4, 5, 6, 7, 8, 9, 10, 11, 14, 15, 17, 18, 19, 22, 23, 24, 25, 33}
R, W: 80, H: 65, ORDER: 20, SET: {1, 3, 4, 5, 6, 7, 8, 9, 10, 11, 14, 15, 17, 18, 19, 22, 23, 24, 25, 33}
R, W: 80, H: 65, ORDER: 20, SET: {1, 3, 4, 5, 6, 7, 8, 9, 10, 11, 14, 15, 17, 18, 19, 22, 23, 24, 25, 33}
R, W: 80, H: 65, ORDER: 20, SET: {1, 3, 4, 5, 6, 7, 8, 9, 10, 11, 14, 15, 17, 18, 19, 22, 23, 24, 25, 33}
R, W: 80, H: 65, ORDER: 20, SET: {1, 3, 4, 5, 6, 7, 8, 9, 10, 11, 14, 15, 17, 18, 19, 22, 23, 24, 25, 33}
R, W: 80, H: 65, ORDER: 20, SET: {1, 3, 4, 5, 6, 7, 8, 9, 10, 11, 14, 15, 17, 18, 19, 22, 23, 24, 25, 33}
R, W: 80, H: 65, ORDER: 20, SET: {1, 3, 4, 5, 6, 7, 8, 9, 10, 11, 14, 15, 17, 18, 19, 22, 23, 24, 25, 33}
R, W: 80, H: 65, ORDER: 20, SET: {1, 3, 4, 5, 6, 7, 8, 9, 10, 11, 14, 15, 17, 18, 19, 22, 23, 24, 25, 33}
R, W: 80, H: 65, ORDER: 20, SET: {1, 3, 4, 5, 6, 7, 8, 9, 10, 11, 14, 15, 17, 18, 19, 22, 23, 24, 25, 33}
R, W: 80, H: 65, ORDER: 20, SET: {1, 3, 4, 5, 6, 7, 8, 9, 10, 11, 14, 15, 17, 18, 19, 22, 23, 24, 25, 33}
R, W: 80, H: 65, ORDER: 20, SET: {1, 3, 4, 5, 6, 7, 8, 9, 10, 11, 14, 15, 17, 18, 19, 22, 23, 24, 25, 33}
R, W: 80, H: 65, ORDER: 20, SET: {1, 3, 4, 5, 6, 7, 8, 9, 10, 11, 14, 15, 17, 18, 19, 22, 23, 24, 25, 33}
R, W: 80, H: 65, ORDER: 20, SET: {1, 3, 4, 5, 6, 7, 8, 9, 10, 11, 14, 15, 17, 18, 19, 22, 23, 24, 25, 33}
R, W: 80, H: 65, ORDER: 20, SET: {1, 3, 4, 5, 6, 7, 8, 9, 10, 11, 14, 15, 17, 18, 19, 22, 23, 24, 25, 33}
R, W: 80, H: 65, ORDER: 20, SET: {1, 3, 4, 5, 6, 7, 8, 9, 10, 11, 14, 15, 17, 18, 19, 22, 23, 24, 25, 33}
R, W: 80, H: 65, ORDER: 20, SET: {1, 3, 4, 5, 6, 7, 8, 9, 10, 11, 14, 15, 17, 18, 19, 22, 23, 24, 25, 33}
R, W: 80, H: 65, ORDER: 20, SET: {1, 3, 4, 5, 6, 7, 8, 9, 10, 11, 14, 15, 17, 18, 19, 22, 23, 24, 25, 33}
R, W: 80, H: 65, ORDER: 20, SET: {1, 3, 4, 5, 6, 7, 8, 9, 10, 11, 14, 15, 17, 18, 19, 22, 23, 24, 25, 33}
R, W: 80, H: 65, ORDER: 20, SET: {1, 3, 4, 5, 6, 7, 8, 9, 10, 11, 14, 15, 17, 18, 19, 22, 23, 24, 25, 33}
R, W: 80, H: 65, ORDER: 20, SET: {1, 3, 4, 5, 6, 7, 8, 9, 10, 11, 14, 15, 17, 18, 19, 22, 23, 24, 25, 33}
R, W: 80, H: 65, ORDER: 20, SET: {1, 3, 4, 5, 6, 7, 8, 9, 10, 11, 14, 15, 17, 18, 19, 22, 23, 24, 25, 33}
R, W: 80, H: 65, ORDER: 20, SET: {1, 3, 4, 5, 6, 7, 8, 9, 10, 11, 14, 15, 17, 18, 19, 22, 23, 24, 25, 33}
R, W: 80, H: 65, ORDER: 20, SET: {1, 3, 4, 5, 6, 7, 8, 9, 10, 11, 14, 15, 17, 18, 19, 22, 23, 24, 25, 33}
R, W: 80, H: 65, ORDER: 20, SET: {1, 3, 4, 5, 6, 7, 8, 9, 10, 11, 14, 15, 17, 18, 19, 22, 23, 24, 25, 33}
R, W: 80, H: 65, ORDER: 20, SET: {1, 3, 4, 5, 6, 7, 8, 9, 10, 11, 14, 15, 17, 18, 19, 22, 23, 24, 25, 33}
R, W: 80, H: 65, ORDER: 20, SET: {1, 3, 4, 5, 6, 7, 8, 9, 10, 11, 14, 15, 17, 18, 19, 22, 23, 24, 25, 33}
R, W: 80, H: 65, ORDER: 20, SET: {1, 3, 4, 5, 6, 7, 8, 9, 10, 11, 14, 15, 17, 18, 19, 22, 23, 24, 25, 33}
R, W: 80, H: 65, ORDER: 20, SET: {1, 3, 4, 5, 6, 7, 8, 9, 10, 11, 14, 15, 17, 18, 19, 22, 23, 24, 25, 33}
R, W: 80, H: 65, ORDER: 20, SET: {1, 3, 4, 5, 6, 7, 8, 9, 10, 11, 14, 15, 17, 18, 19, 22, 23, 24, 25, 33}
R, W: 80, H: 65, ORDER: 20, SET: {1, 3, 4, 5, 6, 7, 8, 9, 10, 11, 14, 15, 17, 18, 19, 22, 23, 24, 25, 33}
R, W: 80, H: 65, ORDER: 20, SET: {1, 3, 4, 5, 6, 7, 8, 9, 10, 11, 14, 15, 17, 18, 19, 22, 23, 24, 25, 33}
R, W: 80, H: 65, ORDER: 20, SET: {1, 3, 4, 5, 6, 7, 8, 9, 10, 11, 14, 15, 17, 18, 19, 22, 23, 24, 25, 33}
R, W: 80, H: 65, ORDER: 20, SET: {1, 3, 4, 5, 6, 7, 8, 9, 10, 11, 14, 15, 17, 18, 19, 22, 23, 24, 25, 33}
R, W: 80, H: 65, ORDER: 20, SET: {1, 3, 4, 5, 6, 7, 8, 9, 10, 11, 14, 15, 17, 18, 19, 22, 23, 24, 25, 33}
R, W: 80, H: 65, ORDER: 20, SET: {1, 3, 4, 5, 6, 7, 8, 9, 10, 11, 14, 15, 17, 18, 19, 22, 23, 24, 25, 33}
R, W: 80, H: 65, ORDER: 20, SET: {1, 3, 4, 5, 6, 7, 8, 9, 10, 11, 14, 15, 17, 18, 19, 22, 23, 24, 25, 33}
R, W: 80, H: 65, ORDER: 20, SET: {1, 3, 4, 5, 6, 7, 8, 9, 10, 11, 14, 15, 17, 18, 19, 22, 23, 24, 25, 33}
R, W: 80, H: 65, ORDER: 20, SET: {1, 3, 4, 5, 6, 7, 8, 9, 10, 11, 14, 15, 17, 18, 19, 22, 23, 24, 25, 33}
R, W: 80, H: 65, ORDER: 20, SET: {1, 3, 4, 5, 6, 7, 8, 9, 10, 11, 14, 15, 17, 18, 19, 22, 23, 24, 25, 33}
R, W: 80, H: 65, ORDER: 20, SET: {1, 3, 4, 5, 6, 7, 8, 9, 10, 11, 14, 15, 17, 18, 19, 22, 23, 24, 25, 33}
R, W: 80, H: 65, ORDER: 20, SET: {1, 3, 4, 5, 6, 7, 8, 9, 10, 11, 14, 15, 17, 18, 19, 22, 23, 24, 25, 33}
R, W: 80, H: 65, ORDER: 20, SET: {1, 3, 4, 5, 6, 7, 8, 9, 10, 11, 14, 15, 17, 18, 19, 22, 23, 24, 25, 33}
R, W: 80, H: 65, ORDER: 20, SET: {1, 3, 4, 5, 6, 7, 8, 9, 10, 11, 14, 15, 17, 18, 19, 22, 23, 24, 25, 33}
R, W: 80, H: 65, ORDER: 20, SET: {1, 3, 4, 5, 6, 7, 8, 9, 10, 11, 14, 15, 17, 18, 19, 22, 23, 24, 25, 33}
R, W: 81, H: 80, ORDER: 12, SET: {1, 2, 7, 9, 11, 13, 21, 22, 23, 36, 37, 44}
R, W: 81, H: 80, ORDER: 12, SET: {1, 2, 7, 9, 11, 13, 21, 22, 23, 36, 37, 44}
R, W: 81, H: 80, ORDER: 12, SET: {1, 2, 7, 9, 11, 13, 21, 22, 23, 36, 37, 44}
R, W: 82, H: 75, ORDER: 17, SET: {1, 2, 3, 4, 5, 6, 7, 10, 11, 14, 15, 17, 18, 19, 32, 39, 43}
R, W: 82, H: 75, ORDER: 17, SET: {1, 2, 3, 4, 5, 6, 7, 10, 11, 14, 15, 17, 18, 19, 32, 39, 43}
