32 13 13 13 13 13 13 13 13 13 13 13
33 11 11 11 11 11 11 11 11 12 12 12
34 11 11 11 11 11 11 11 11 11 11 11
35 12 12 12 12 12 12 12 12 12 12 12
36 11 11 11 11 11 11 11 11 11 11 11
37 12 12 12 12 12 12 12 12 12 12 12
38 12 12 12 12 12 12 12 12 12 12 12
39 12 12 12 12 12 12 12 12 12 12 12
40 12 12 12 12 12 12 12 12 12 12 12
41 15 15 15 15 15 15 15 15 15 15 15
42 13 13 13 13 13 13 13 13 13 13 13
43 13 13 13 13 13 13 13 13 13 13 15
44 15 15 15 15 15 15 15 15 15 15 15
45 15 15 15 15 15 15 15 15 15 15 17
46 16 16 16 16 16 16 16 16 16 16 16
47 17 17 17 17 17 17 17 17 17 17 20
48 22 22 22 22 22 22 22 22 22 22 23
49 20 20 20 20 20 20 20 20 20 20 24
50 23 23 23 23 23 23 23 23 23 23 24
51 26 26 26 26 26 26 26 26 26 26 31
52 35 35 35 35 35 35 35 35 35 35 35
53 34 34 34 34 34 34 34 34 35 48 52
54 39 39 39 39 39 39 39 39 39 39 42
55 43 43 43 43 43 43 43 43 43 43 51
56 61 61 61 61 61 61 61 61 61 61 61
57 69 69 69 69 69 69 69 69 69 69 89
58 91 91 91 91 91 91 91 91 91 91 91
59 104 104 104 104 104 104 104 104 104 104 137
60 251 251 251 251 251 252 252 252 258 262 267
61 170 170 170 170 170 170 170 170 170 171 171
62 288 288 288 288 288 288 288 289 289 291 305
63 344 344 344 344 344 344 345 345 345 345 417
64 559 559 559 559 559 559 560 560 560 561 610
65 593 593 593 594 594 597 597 598 601 601 697
66 882 882 882 882 883 883 884 886 887 888 888
67 1176 1176 1176 1177 1179 1180 1180 1181 1186 1186 1332
68 1589 1589 1589 1589 1590 1590 1590 1590 1591 1592 1602
69 1925 1925 1926 1926 1928 1929 1929 1931 1934 1934 1938
