32 16 16 16 16 16 16 16 16 16 16 16
33 18 18 18 18 18 18 18 18 18 18 18
34 17 17 17 17 17 17 17 17 17 17 17
35 18 18 18 18 18 18 18 18 18 18 18
36 18 18 18 18 18 18 18 18 18 18 18
37 21 21 21 21 21 21 21 21 21 21 21
38 16 16 16 16 16 16 16 16 16 16 16
39 17 17 17 17 17 17 17 17 17 17 17
40 20 20 20 20 20 20 20 20 20 20 20
41 18 18 18 18 18 18 18 18 18 18 18
42 20 20 20 20 20 20 20 20 20 20 20
43 20 20 20 20 20 20 20 20 20 20 21
44 21 21 21 21 21 21 21 21 21 21 21
45 22 22 22 22 22 22 22 22 22 22 23
46 22 22 22 22 22 22 22 22 22 22 22
47 24 24 24 24 24 24 24 24 24 26 27
48 27 27 27 27 27 27 27 27 27 27 27
49 27 27 27 27 27 27 27 27 27 27 28
50 28 28 28 28 28 28 28 28 28 28 28
51 33 33 33 33 33 33 33 33 33 33 34
52 39 39 39 39 39 39 39 39 39 40 46
53 44 44 44 44 44 45 45 45 45 45 47
54 48 48 49 49 49 49 49 49 49 49 49
55 55 56 56 56 56 56 56 56 56 56 61
56 74 74 74 74 74 74 74 75 75 78 80
57 90 90 90 90 91 91 91 91 91 91 114
58 101 101 101 101 101 102 102 102 102 102 140
59 120 120 120 120 120 121 121 121 121 121 122
60 166 166 166 166 167 167 167 167 167 172 188
61 218 219 219 219 219 220 221 221 221 221 243
62 226 226 226 226 227 227 228 228 229 229 356
63 313 313 313 314 314 315 315 316 316 316 475
64 386 386 387 387 388 388 389 389 389 412 447
65 436 436 436 436 437 437 437 437 438 460 461
66 519 519 520 520 520 521 522 523 523 525 525
67 659 660 660 660 662 663 663 665 665 667 947
68 923 924 925 928 929 930 930 931 936 1152 1625
69 1047 1047 1048 1048 1048 1049 1053 1053 1053 1054 1056
70 1175 1176 1178 1178 1182 1183 1184 1184 1185 1187 1228
71 1537 1537 1539 1540 1544 1547 1547 1549 1552 1552 1559
72 2269 2271 2273 2278 2280 2282 2283 2285 2362 2792 3173
73 2218 2220 2220 2221 2223 2231 2232 2233 2233 2236 4521
74 2668 2668 2670 2682 2683 2684 2684 2685 2686 2688 2730
75 3677 3679 3681 3682 3684 3688 3693 3698 3700 3701 3703
76 5237 5244 5247 5264 5266 5266 5269 5269 5288 5318 6835
77 5692 5692 5694 5694 5700 5715 5719 5722 5726 5728 8167
78 6195 6198 6199 6201 6202 6226 6228 6236 6240 6241 14534
79 8134 8134 8135 8135 8143 8168 8169 8171 8178 8179 8377
80 10928 10929 10932 10948 10958 10961 10964 10966 11184 11367 15099
81 12583 12585 12586 12593 12594 12636 12639 12644 12646 12658 15982
82 14026 14028 14029 14039 14042 14083 14090 14094 14100 14101 20279
83 18296 18300 18312 18335 18371 18374 18383 18397 18404 19714 43120
84 27431 27454 27525 27536 27540 27543 27550 27792 28317 31628 38548
85 26489 26497 26503 26503 26519 26586 26597 26611 26613 26625 26661
86 29767 29768 29774 29776 29798 29873 29882 29898 29900 29909 40924
87 43716 43716 43752 43844 43863 43866 43873 43890 43893 50676 56616
88 59073 59106 59140 59248 59274 59293 59294 59321 60385 83623 136628
89 58881 58882 58893 58918 58993 59061 59092 59092 59100 59113 74978
90 71326 71336 71367 71367 71378 71566 71594 71602 71651 71660 87902
91 86160 86165 86184 86220 86277 86377 86462 86474 86474 86487 130936
92 143995 144004 144199 144391 144398 144508 144530 144564 151332 170581 203408
93 137048 137094 137126 137135 137491 137504 137582 137607 137681 158829 360035
94 140580 140610 140627 140663 140778 141031 141070 141108 141178 141199 218208
95 186159 186159 186182 186187 186250 186676 186677 186679 186750 186762 236507
96 285666 285739 285959 286437 286461 286599 286612 286756 360557 387309 414780
97 291258 291265 291360 291401 292141 292176 292224 292359 296367 377216 421660
98 322057 322075 322095 322147 323126 323150 323320 323398 327816 389124 972165
99 432192 432319 432428 432428 432470 433147 433408 433516 433542 433611 641734
100 624606 624728 625265 626174 626288 626483 626525 626807 656456 740231 933370
101 622198 622234 622252 622380 623797 623918 624052 624181 624241 653010 1068916
102 712746 712777 712806 713024 714848 714914 714983 715326 715383 954050 1040079
103 873649 873651 873653 873777 875932 876185 876310 876570 876608 1180143 2683794
104 1333744 1333941 1334951 1336862 1336926 1337234 1337409 1337732 1344204 1917450 2018635
105 1441264 1441339 1441671 1441684 1442176 1444559 1444945 1444964 1445357 1445641 1828455
106 1507666 1507691 1507740 1507855 1511368 1511828 1512055 1512249 1512261 2075653 2702906
107 1849270 1849285 1849290 1849408 1853686 1854302 1854468 1854714 1854919 2500531 3081805
108 3011385 3011559 3013795 3017626 3017828 3018006 3018649 3019263 3199406 4566162 7531952
109 2940595 2940953 2943296 2947935 2948118 2948929 2949280 2949575 2950232 4578682 4608347
